68 4666
0 4098
644 663
228 396
260 361
324 260
36 252
1060 202
100 201
4 144
356 137
196 130
452 124
132 105
292 99
420 85
200 78
164 77
742 66
964 62
548 61
612 61
484 58
296 57
516 52
772 47
580 46
1252 46
1028 41
32 41
388 41
27 34
932 34
1380 30
708 29
1156 28
328 26
868 26
232 24
1092 24
900 23
836 22
676 21
710 20
804 20
1412 19
998 18
168 17
2276 16
740 15
1124 15
1220 15
264 14
1348 13
47 13
876 13
1188 12
616 12
812 12
996 12
2212 12
552 12
2468 11
898 11
2084 11
104 10
774 10
1668 10
584 10
648 9
872 9
1540 9
840 9
61 8
2052 8
1828 8
1700 8
1284 8
2148 8
2116 8
70 7
744 7
904 7
1604 7
712 6
776 6
2088 5
1444 5
1636 5
59 5
949 5
4236 5
63 5
2056 5
3 5
13508 5
2596 5
1260 5
1316 4
40 4
1924 4
2500 4
101 4
2020 4
1128 4
838 4
13540 4
2692 4
146 4
49 4
2566 3
1956 3
3756 3
1384 3
1572 3
352 3
48 3
76 3
2404 3
118 3
32196 3
93 3
80 3
71 3
2564 3
128 3
14468 3
1064 3
188 3
28 3
69 3
12900 3
114980 3
1068 3
29 3
1608 3
115044 3
115108 3
6180 2
2372 2
1 2
1000 2
99012 2
99 2
98980 2
98820 2
972 2
92 2
1046 2
107 2
808 2
10948 2
1476 2
7748 2
77 2
111 2
113 2
173 2
1732 2
6820 2
68196 2
114 2
1764 2
6788 2
177 2
67652 2
1796 2
65 2
64 2
115204 2
60420 2
60292 2
1860 2
1160 2
147 2
57 2
5668 2
56 2
51 2
49700 2
1192 2
456 2
4452 2
424 2
122 2
1224 2
3460 2
1254 2
3212 2
31 2
2980 2
141 2
2884 2
2820 2
2788 2
139 2
277 2
2756 2
2150 2
2180 2
1376 2
2540 2
133 2
2436 2
2374 2
2916 1
55812 1
136 1
23364 1
2340 1
235 1
23568 1
237 1
2308 1
230 1
1350 1
13604 1
13367 1
248 1
249 1
13732 1
2532 1
2536 1
2244 1
13215 1
1317 1
257 1
258 1
131 1
130020 1
12996 1
265 1
269 1
129892 1
2696 1
129796 1
2726 1
215 1
2760 1
138 1
278 1
14 1
12932 1
14020 1
207 1
128356 1
15569 1
127524 1
2920 1
294 1
126756 1
2054 1
12644 1
3048 1
30833 1
1414 1
3140 1
315 1
31603 1
12580 1
32063 1
14148 1
12570 1
32199 1
1256 1
202 1
3300 1
33190 1
3332 1
335 1
342 1
34228 1
34357 1
142 1
3492 1
3496 1
12484 1
35300 1
124516 1
35683 1
3588 1
124452 1
3620 1
3628 1
36524 1
36735 1
36969 1
37215 1
37296 1
373 1
37430 1
3752 1
124 1
37654 1
37909 1
3812 1
3852 1
38532 1
38660 1
3876 1
38795 1
1228 1
3908 1
3940 1
3944 1
39456 1
3972 1
198 1
14244 1
4004 1
4008 1
4012 1
4026 1
4044 1
41156 1
4132 1
4196 1
41988 1
42 1
12 1
4230 1
1196 1
143 1
43012 1
4326 1
43367 1
43620 1
438 1
44 1
4420 1
1928 1
44525 1
44772 1
4484 1
4492 1
11948 1
4556 1
14314 1
4575 1
46458 1
192 1
4740 1
4772 1
1190 1
4836 1
118189 1
48548 1
4868 1
488 1
48868 1
48900 1
117623 1
4900 1
1907 1
49892 1
50 1
50052 1
50212 1
50276 1
504 1
50532 1
50628 1
50916 1
190 1
511 1
117100 1
51716 1
52004 1
5224 1
53316 1
53444 1
53476 1
54052 1
54212 1
54244 1
54382 1
54564 1
54692 1
5476 1
117080 1
5508 1
116996 1
55332 1
5540 1
5572 1
55780 1
2310 1
55908 1
55940 1
1896 1
561 1
5636 1
5652 1
1892 1
56964 1
1888 1
57028 1
57252 1
57412 1
57732 1
58 1
116896 1
5804 1
58084 1
58308 1
18689 1
58724 1
58756 1
58916 1
5892 1
11588 1
59204 1
59300 1
60 1
185 1
14723 1
60612 1
60932 1
115672 1
61060 1
115492 1
61444 1
61508 1
115332 1
18124 1
61956 1
62308 1
62596 1
62660 1
62759 1
6276 1
628 1
62948 1
115140 1
63076 1
636 1
63972 1
181 1
640 1
6404 1
64164 1
64228 1
115012 1
6444 1
64708 1
11428 1
1800 1
65348 1
65444 1
65604 1
65764 1
65796 1
6596 1
66660 1
67044 1
67076 1
114052 1
178 1
1768 1
17604 1
680 1
175 1
1736 1
68326 1
6838 1
68676 1
68772 1
68900 1
171 1
691 1
69476 1
6980 1
1126 1
704 1
70724 1
112406 1
11140 1
17092 1
71044 1
110916 1
71300 1
71684 1
71780 1
72132 1
110711 1
110372 1
110308 1
74788 1
11012 1
7684 1
17040 1
109764 1
1096 1
1704 1
77540 1
16964 1
790 1
79125 1
7972 1
8 1
109439 1
8004 1
107236 1
14884 1
1670 1
814 1
106212 1
1059 1
105796 1
8515 1
854 1
105348 1
87 1
870 1
10532 1
105 1
877 1
89 1
104932 1
104804 1
16684 1
908 1
9095 1
91 1
9124 1
14961 1
1035 1
9316 1
10276 1
936 1
940 1
9412 1
100868 1
9512 1
95524 1
95844 1
95972 1
100036 1
968 1
96868 1
97 1
16420 1
97316 1
97348 1
97796 1
97828 1
97924 1
98 1
98660 1
98788 1
1503 1
98884 1
98916 1
98948 1
1510 1
1538 1
1548 1
99044 1
99076 1
99108 1
99172 1
99204 1
99236 1
993 1
99332 1
15556 1
156 1
