87
68
68
0
68
68
0
0
68
292
228
68
196
228
812
68
0
68
228
68
260
68
68
1128
68
68
68
68
232
68
232
0
776
68
356
68
228
644
68
0
68
644
0
0
484
772
0
228
27
356
27
0
228
68
0
0
0
68
68
0
0
142
0
68
0
0
36
100
0
644
68
228
228
0
516
0
68
68
0
0
0
0
68
68
68
68
68
612
68
1028
68
68
420
36
0
68
324
324
1412
0
68
68
68
68
68
36
68
0
1572
1924
0
0
0
0
0
196
0
1380
1092
60420
420
0
36
876
100
0
0
0
0
0
0
100
0
0
0
548
0
0
68
0
36
356
0
0
0
0
0
0
0
0
0
0
0
998
68
36
200
0
0
36
644
388
68
1060
228
644
32
36
644
0
68
68
0
68
0
68
644
4
0
68
68
644
0
68
2436
68
0
0
132
964
68
68
0
32
68
644
260
0
0
0
68
6444
1060
1092
68
1060
0
0
68
68
356
68
876
68
644
68
900
0
292
258
68
0
100
36
100
36
1060
0
0
31603
1060
0
68
260
68
100
644
0
0
644
0
68
260
68
68
0
0
68
0
0
68
0
68
68
68
68
644
1316
68
676
424
68
68
0
0
0
0
68
0
68
1412
67652
1444
0
68
324
2374
0
0
0
0
0
100
0
324
4
68
132
68
36
644
0
932
68
644
0
1060
4
68
296
644
644
68
0
644
68
68
68
68
964
644
100
644
0
200
132
68
68
196
804
68
2116
292
2148
644
68
0
56
964
196
56
260
228
260
868
228
452
260
68
228
2404
228
68
612
612
292
68
68
68
420
68
1412
68
36
0
0
0
0
68
260
260
0
68
0
68
68
68
228
68
0
68
0
0
0
0
0
1028
132
68
68
68
68
60292
420
0
0
164
124516
324
1
68
68
68
0
68
644
68
100
324
68
68
0
68
1092
68
68
388
1060
68
644
68
132
68
132
0
0
0
68
100
36
36
0
836
0
68
644
0
932
68
324
68
68
68
68
68
68
14
100
0
68
68
2404
68
110916
200
0
68
100
0
114980
644
0
0
68
68
68
12996
100
0
100
0
68
0
68
68
68
68
0
0
68
68
68
0
68
100
0
68
0
68
68
0
68
1252
64164
420
1092
68
0
0
0
68
0
742
324
68
68
0
0
68
964
68
132
68
0
0
68
0
68
772
68
68
32
68
772
68
36
68
132
0
68
68
0
644
0
0
876
68
708
68
68
4
0
0
68
2084
0
2084
0
644
68
68
260
59
196
484
101
484
1636
452
484
68
68
260
228
260
200
644
4
644
0
68
68
232
68
0
68
68
228
0
68
36
68
0
644
228
0
0
68
68
68
228
68
0
68
1028
452
68
1860
67652
420
1092
68
324
0
0
0
998
0
1124
964
228
0
32
4
0
356
68
0
264
68
260
68
644
548
644
0
1060
0
356
1220
4
68
68
68
68
420
772
0
0
68
68
68
68
32
0
0
36
0
644
2500
1060
740
132
68
68
0
68
68
708
356
100
4
110711
0
2084
68
0
676
8
68
177
0
68
0
100
100
100
0
0
0
0
0
232
260
0
452
0
260
260
260
0
0
0
452
68
68
1092
228
68
0
2020
0
228
0
0
228
0
68
0
0
0
0
612
68
68
1124
0
68
68
68
68
71044
68
0
0
0
0
68
0
0
0
0
0
0
0
1380
196
420
68
14961
0
0
0
0
228
114052
100
0
68
68
0
0
200
644
68
68
68
68
68
644
676
68
260
0
68
0
710
644
710
0
68
68
68
68
68
68
68
68
68
68
68
68
68
68
68
68
260
68
644
0
0
1060
260
2564
36
68
2540
2056
68
964
644
0
68
68
1092
32
0
68
260
68
68
196
0
0
0
0
0
36
0
68
0
1828
0
132
644
68
0
0
68
0
452
68
292
36
0
68
164
168
616
68
616
0
196
168
0
0
2084
37430
68
0
0
0
0
68
0
68
877
0
644
118
228
228
2340
228
0
68
552
0
68
68
68
0
644
0
0
0
0
0
0
0
0
0
0
0
0
0
0
0
0
644
68
580
68
774
0
0
296
710
68
4
68
68
68
1068
4236
36
0
580
68
0
68
0
0
68
228
0
0
68
0
1220
36
580
68
68
324
0
0
68
0
68
68
0
0
68
0
132
68
774
68
0
68
0
36
68
36
292
68
0
0
68
0
68
68
0
3212
260
452
0
4
260
68
68
0
68
420
0
68
0
0
232
0
68
260
0
0
0
68
68
0
0
68
68
68
228
0
114
356
644
356
644
114
260
1224
2788
0
484
68
0
4
0
68
228
68
23364
0
324
228
68
68
68
228
68
68
68
68
68
200
265
68
0
0
0
0
0
0
68
548
1348
0
0
68
644
68
68
68
68
0
228
0
260
68
68
0
68
68
0
68
0
0
68
0
68
36
68
68
68
100
0
68
0
0
0
0
0
0
0
0
644
64228
0
0
132
0
0
0
548
68
68
0
68
68
68
68
68
68
68
68
68
68
68
68
68
68
68
68
68
68
68
324
0
1700
776
0
68
68
68
0
0
68
68
0
68
68
0
0
0
0
0
68
68
36
68
68
100
0
644
68
68
644
644
772
3
644
644
2148
0
68
1060
68
68
260
0
644
644
0
164
68
68
68
68
68
1060
0
644
0
0
68
0
0
68
228
452
68
854
68
68
68
0
68
0
0
0
0
115044
68
68
68
68
68
0
68
68
0
0
0
228
260
4132
68
68
68
68
228
932
612
612
0
0
0
868
68
0
0
68
0
0
0
0
0
452
0
68
68
0
68
0
420
65796
0
420
0
0
324
228
742
838
232
742
0
68
68
0
0
2116
1060
68
1060
0
0
356
68
0
1028
0
644
0
0
68
644
68
0
964
68
292
100
0
0
0
0
644
0
0
0
0
68
0
132
0
0
1060
0
2500
68
644
0
68
68
0
68
68
4740
68
36
774
68
644
68
68
68
0
644
452
0
0
260
0
68
260
196
0
0
0
122
356
0
68
68
68
552
0
228
744
68
0
68
260
68
0
68
260
228
68
0
0
0
0
68
68
11140
0
612
27
68
68
68
0
0
0
0
68
0
68
68
68
0
68
68
0
68
68
0
68
0
68
0
68
0
68
68
68
68
1156
68
68
68
68
68
68
68
964
260
420
60420
0
196
0
6180
6180
68
0
68
708
0
0
68
0
68
68
68
0
580
68
0
196
4
68
36
0
0
0
68
1060
0
0
0
900
0
580
0
0
196
0
644
0
36
0
0
0
68
0
0
548
100
68
132
68
644
0
1060
0
36
40
1350
100
68
742
35683
68
0
0
