61
328
61
68
356
484
68
49
744
49
68
68
260
68
484
68
68
68
68
68
68
68
68
68
68
68
68
68
0
0
0
0
0
0
0
0
0
0
0
0
68
2212
0
0
0
0
0
0
68
0
116996
68
260
68
0
68
904
68
0
13508
228
68
68
0
0
0
0
0
0
0
356
68
68
228
0
612
900
900
68
68
68
68
68
68
68
68
68
68
0
0
0
0
0
2084
4
68
0
65764
164
68
228
68
1956
68
68
68
324
324
0
0
0
0
0
0
1412
68
840
68
420
68
68
196
0
68
1060
836
68
68
68
228
200
836
676
644
68
1060
68
1060
0
68
4
68
36
68
644
164
296
196
164
644
100
68
580
68
68
68
68
4
0
0
0
0
36
260
100
68
32199
68
644
4
0
68
228
0
0
68
68
68
68
0
93
1384
644
133
484
452
452
3140
228
228
228
228
100
0
292
0
260
0
228
0
0
68
0
68
356
13508
68
0
0
0
68
68
744
0
0
68
68
0
0
0
0
68
0
68
0
68
68
68
68
68
0
68
68
68
68
68
260
68
388
644
68
1028
100
68
0
324
580
324
0
57412
0
0
0
0
0
0
0
0
0
420
324
324
196
324
324
324
324
0
0
1228
68
68
742
742
0
68
68
68
0
292
1060
0
100
0
68
68
876
0
0
68
0
68
68
0
36
68
164
772
1060
0
0
0
200
0
644
1060
164
68
32
0
644
0
0
296
548
228
228
68
772
68
0
264
68
68
68
68
68
644
68
0
0
0
0
296
91
228
49
2056
69
68
68
228
0
0
68
68
0
0
228
3940
0
0
6788
68
68
0
612
0
2084
644
68
68
68
0
0
68
68
68
68
0
68
0
68
68
68
0
68
68
68
0
68
0
0
68
580
228
0
324
324
68
68
53316
420
68
68
964
2148
68
68
0
1028
68
36
68
68
0
0
0
0
742
452
0
68
0
0
260
452
0
0
964
260
0
932
580
68
0
68
0
68
68
644
0
804
1252
352
68
548
132
644
964
68
644
4
1060
356
68
644
68
644
68
0
68
1252
68
36
0
548
356
68
0
0
36
644
100
68
40
2596
292
232
68
612
0
552
100
124452
0
420
742
742
36
228
1924
0
68
420
0
68
68
0
0
228
13508
324
139
0
68
228
260
68
100
68
68
0
0
68
0
324
68
68
68
0
68
644
68
68
68
68
0
68
324
324
324
324
0
68
904
4
4236
644
68
0
1060
644
644
0
196
612
644
68
0
0
4
68
68
68
0
0
0
1060
0
200
68
0
0
388
0
0
68
68
324
68
0
68
0
68
0
68
0
68
100
59300
676
260
324
68
2566
0
68
32
264
68
68
68
0
324
36
0
68
0
0
0
68
0
1092
4
4
68
804
0
324
1252
0
0
68
644
324
13508
452
36
68
484
452
644
55908
356
260
1252
68
1092
68
68
68
228
68
68
68
356
260
68
196
68
1060
68
196
420
324
324
0
324
1476
0
4492
1060
0
68
117100
1060
644
644
644
644
644
168
452
132
68
36
36
68
68
68
68
68
68
68
68
68
68
68
0
0
0
0
0
0
68
68
68
68
68
0
68
0
68
0
0
0
0
0
132
2564
68
644
644
0
0
68
68
68
0
228
292
644
993
296
612
328
32
200
65
484
260
932
6820
36
68
0
68
296
36
68
200
2468
452
228
68
0
36
68
68
68
68
68
68
68
68
1444
1732
68
68
68
68
228
4
68
68
68
68
68
68
68
36
68
68
68
0
68
68
100
196
0
68
68
68
804
68
0
710
324
324
324
324
324
324
68
68
0
1380
68
68
68
0
68
68
68
68
68
0
68
0
0
0
0
0
0
0
0
644
228
0
95972
644
0
644
228
68
644
36
388
68
68
68
37909
68
1260
68
68
68
296
68
68
68
324
68
36
68
36
0
0
0
0
0
644
644
0
68
68
68
228
36
0
0
0
420
260
260
0
0
68
68
68
0
324
68
0
68
68
68
68
68
0
8515
68
68
0
324
260
644
452
0
57
644
76
2500
228
228
260
228
232
0
356
228
68
0
0
260
0
0
68
68
13508
228
260
228
68
68
0
612
0
0
0
68
228
932
0
0
0
0
68
68
0
1252
68
0
0
0
68
68
0
0
712
0
0
68
644
324
0
324
324
0
0
67044
420
100
68
68
0
0
996
0
742
0
0
68
0
0
0
0
0
0
0
740
36
4236
644
68
36
644
200
516
0
4
644
68
644
68
260
0
4
0
1380
876
68
260
0
328
836
68
68
644
68
68
68
36
0
4
644
644
644
644
196
196
68
0
68
68
0
0
484
68
1060
420
68
68
0
164
68
68
228
10532
228
228
260
0
0
0
68
68
228
0
0
292
68
68
0
68
68
68
0
324
0
68
68
68
1284
0
164
1124
324
0
324
324
324
324
1092
324
324
68
68
68
68
452
232
4
0
68
710
68
1224
228
68
100
644
68
0
68
68
0
0
68
68
68
68
644
296
328
0
0
68
1124
644
2820
0
68
13540
68
74788
644
708
552
68
0
68
164
1060
1252
68
1252
1060
4
0
676
0
812
644
0
4
0
0
68
68
0
68
0
68
68
644
260
68
356
68
100
356
68
68
196
68
1736
0
548
484
0
4
100
1060
644
0
484
0
0
0
1060
68
0
260
68
36
260
292
71
260
164
68
61
644
260
0
0
115108
0
0
420
68
1252
0
644
68
228
68
68
36
0
0
0
68
68
0
0
68
0
68
68
0
0
68
0
68
68
0
0
0
0
0
644
324
324
68772
1156
0
196
0
68
0
0
0
68
0
68
68
68
196
68
228
772
4
68
68
0
648
100
1060
132
132
68
68
644
296
68
68
644
580
0
68
0
260
264
132
644
0
68
0
1060
68
328
4
1252
68
0
0
4
872
580
68
196
548
1192
200
1060
1060
644
804
644
68
100
0
0
27
644
27
260
484
644
58084
2084
260
68
260
0
200
68
68
4
0
0
68
100
100
68
648
113
228
68
68
228
68
68
68
68
68
68
68
68
68
68
68
68
68
324
0
0
0
0
0
0
0
68
68
4
0
0
4
68
68
4
68
36
68
68
68
68
644
36
648
264
516
200
68
196
644
200
644
644
644
452
1060
0
0
0
68
516
964
612
68
0
0
0
324
68
0
420
68
196
4
68
0
1028
324
324
324
324
324
324
324
742
0
0
840
0
68
644
