296
68
68
228
292
68
0
0
68
0
0
296
324
68
388
68
115044
0
0
0
68
0
0
68
0
0
0
0
68
0
68
0
68
0
68
68
68
0
0
68
68
0
68
68
68
68
548
2468
0
0
420
61956
0
0
580
0
644
2116
4326
292
0
0
0
0
0
68
68
68
68
68
0
0
68
68
68
1316
68
964
68
68
36
68
0
0
68
100
1028
644
0
68
68
68
0
68
68
68
68
644
200
68
68
68
68
68
292
68
4008
68
0
644
516
4
0
0
68
68
644
0
356
68
0
644
34228
0
644
0
68
68
452
68
68
292
196
484
228
228
1284
260
36
68
68
0
0
228
356
356
228
132
228
68
356
68
0
296
292
68
68
68
0
68
0
68
0
0
68
68
132
0
228
260
612
68
0
68
68
68
0
0
68
68
0
0
68
0
0
744
68
68
68
68
0
0
68
68
0
68
0
0
68
0
68
0
0
68
1380
0
36
68
68
68
68
0
0
1252
548
0
0
0
0
0
0
1380
292
644
57252
612
68
1608
68
0
0
0
68
68
0
68
1412
0
742
742
998
356
68
0
0
1060
36
100
68
32
0
0
68
0
68
68
644
324
1060
68
68
324
0
68
0
0
68
68
0
68
804
68
0
68
68
0
68
68
36
68
0
68
68
68
0
0
68
452
68
0
110372
68
0
101
644
1892
294
260
260
260
1060
1604
260
868
68
68
68
68
0
68
68
0
324
1028
68
704
0
0
0
0
68
0
0
68
0
68
0
68
68
0
0
68
68
0
68
0
0
0
0
0
0
0
68
0
68
68
68
68
68
68
0
0
68
68
2820
2468
68
0
100
0
68
68
0
68
356
932
61508
68
196
68
0
1060
742
68
68
68
0
0
0
0
68
68
0
0
0
0
644
4
100
0
68
36
68
1220
4
908
1060
68
260
0
68
68
1060
644
36
644
0
68
0
516
68
68
296
68
644
0
68
0
260
0
68
708
68
68
68
36
708
99012
98948
98884
97316
97796
0
0
0
68
132
68
68
612
68
68
68
1060
107
840
388
128
452
260
516
228
260
612
228
644
68
68
68
260
228
68
1252
68
644
68
192
0
228
260
0
0
0
0
0
0
0
260
0
68
100
0
100
228
228
228
228
68
68
0
0
0
0
68
68
68
0
0
68
0
68
0
68
68
68
0
68
68
0
0
68
0
0
68
0
0
68
0
0
68
0
0
68
260
260
0
1888
100
68
420
6276
580
0
228
0
644
4
0
0
0
0
0
0
0
0
0
0
0
0
68
68
2596
388
1060
0
68
836
0
0
644
644
4
1196
0
68
68
68
0
644
68
260
0
356
68
296
0
0
68
200
452
32
0
548
0
4
0
644
0
0
328
0
0
98788
68
0
13367
68
68
68
68
68
68
0
0
548
452
484
356
228
228
260
260
100
260
68
68
36
68
68
68
644
260
68
68
68
68
68
68
388
228
0
0
0
0
0
0
68
0
388
36
68
0
4
0
68
68
68
68
68
68
0
0
68
68
0
0
68
68
0
68
68
0
68
68
68
0
0
0
0
68
68
0
0
68
0
0
0
68
164
68
324
1604
900
68
69476
356
0
68
452
4
228
4
36
4
1160
0
0
0
68
68
0
68
812
4
0
644
0
68
164
36
68
644
100
0
644
772
68
0
1060
328
644
644
32
644
68
328
548
836
0
68
644
1380
516
1060
200
68
68
68
0
68
0
100
644
0
68
0
260
228
228
47
742
27
452
68
0
0
68
228
356
68
68
452
1540
68
68
69
260
0
0
260
260
260
0
0
0
200
68
0
0
0
0
68
68
68
68
68
0
0
68
68
68
0
68
68
0
68
68
68
68
68
68
68
68
0
68
68
68
68
68
68
68
68
68
68
0
68
0
68
68
0
68
68
68
68
68
0
228
0
0
68
260
57
0
1412
68
3588
356
68
68
68
356
68
68
4026
420
50916
1092
68
68
0
68
68
1060
0
228
742
0
68
68
68
68
260
1060
104
1060
68
68
68
0
0
32
36
4
2788
68
5540
356
456
68
68
0
0
68
0
68
68
932
68
644
580
68
68
1060
68
68
36
36
68
708
32
644
32
0
292
1092
36
548
612
964
1604
260
292
228
1126
68
36
37654
0
0
2564
68
68
932
0
0
200
196
1188
68
742
342
23568
452
452
77
228
484
68
1128
68
516
68
228
68
0
68
1540
68
36
68
68
1380
68
164
68
68
68
68
900
68
1188
68
708
68
68
68
9512
0
68
68
228
68
68
68
68
68
68
0
0
0
0
0
0
0
68
68
0
0
68
68
68
68
68
68
68
68
68
68
68
548
356
68
68
68
68
68
68
68
68
774
68
68
68
68
68
68
68
68
68
68
68
68
68
68
68
68
68
68
68
68
68
68
68
68
68
68
68
68
68
68
68
68
68
68
68
68
68
68
68
68
68
68
68
68
68
68
68
68
68
68
68
68
68
68
68
68
68
68
420
38532
68
68
36
68
68
0
0
0
68
0
0
68
0
68
0
68
0
0
68
68
68
68
0
68
68
0
0
0
0
0
0
0
0
0
0
0
68
0
0
0
0
0
0
0
0
0
0
0
0
0
0
68
772
516
644
68
296
356
644
68
132
228
0
68
68
164
68
68
0
68
68
68
68
68
68
68
68
68
68
4
4
1060
15569
100
32
0
0
0
0
0
580
68
68
68
68
36
0
0
68
0
68
0
0
68
68
68
43367
644
68
772
200
0
68
0
0
68
68
68
68
68
0
68
68
68
68
260
0
260
228
260
260
1317
17040
164
228
0
0
0
115012
68
0
36
68
0
68
68
644
68
68
0
68
0
0
0
0
68
68
68
0
68
68
0
68
0
68
0
0
0
1028
68
580
68
68
68
580
36
356
356
6404
420
59204
68
68
972
0
132
100
68
0
0
0
0
0
0
0
0
0
0
0
0
0
0
0
0
0
0
0
0
0
0
0
68
0
68
260
68
742
0
68
772
0
0
68
644
328
0
68
0
0
68
68
68
68
0
0
644
0
644
164
644
0
964
168
580
68
68
68
0
584
0
644
0
68
260
36
68
68
68
0
1060
68
324
68
644
36
904
0
60
260
452
1503
1348
3876
260
260
260
420
68
710
998
260
260
260
68
68
4
0
0
68
68
68
0
68
68
0
68
68
228
0
68
228
68
0
68
68
3620
0
0
0
68
68
0
0
68
0
68
68
68
0
0
68
0
0
0
0
0
388
68
68
1380
0
68
356
356
356
644
41988
0
740
68
0
68
742
644
0
0
0
68
68
68
68
68
548
388
40
68
0
0
4
68
324
0
68
964
1060
0
68
296
516
36
584
68
644
0
0
356
548
644
644
68
0
0
68
68
0
68
644
0
644
0
260
260
228
257
260
516
228
47
742
27
228
93
260
712
452
146
260
68
356
168
68
68
68
260
516
228
68
260
0
260
28
228
48
17604
68
68
260
228
228
0
0
132
132
68
0
0
68
68
68
68
68
68
68
68
68
0
0
0
68
68
0
68
0
68
0
0
0
1156
260
612
420
62948
356
0
0
644
932
68
0
0
232
68
68
68
68
132
4
644
68
68
1092
68
644
644
644
68
0
68
68
644
964
68
644
0
296
4
0
0
0
352
644
0
68
644
0
36
68
996
68
0
0
68
1060
0
0
68
68
97924
68
68
1252
0
