4
452
452
59
644
644
59
356
260
260
68
68
68
292
68
68
0
68
0
68
68
68
0
0
0
68
68
548
228
0
260
1028
1156
1156
1156
1156
1156
1156
1156
1156
1156
1156
1156
0
0
0
68
0
68
36
100
0
68
0
68
0
260
0
0
932
900
0
68
1028
68
0
0
0
68
0
68
0
68
68
0
68
0
0
0
68
68
0
0
0
68
0
12900
12900
12900
14884
13732
12580
11428
10276
9124
7972
5668
4900
16420
32196
32196
32196
9316
14148
16964
68
0
0
1192
68
68
68
68
68
68
1380
0
1252
0
0
0
0
676
0
68196
260
612
0
712
0
644
0
196
2116
68
742
4
4
68
0
68
68
68
36
836
196
0
68
68
0
36
164
0
0
0
36
1028
324
1060
0
0
68
68
708
644
164
70
196
1060
68
196
68
1060
68
68
68
0
644
68
292
68
228
68
68
68
616
1060
36
2212
0
68
644
900
39456
0
260
0
114980
68
0
0
68
292
228
3332
644
1060
100
0
0
68
68
932
68
68
0
68
68
1156
100
1092
0
9412
7684
0
68
68
68
0
772
68
0
36
32
100
36
2150
68
742
0
4
0
68
68
1252
1060
740
68
644
68
0
68
68
0
0
68
200
0
644
0
0
0
68
36
100
68
0
27
196
47
356
260
228
548
32
0
68
228
68
68
68
68
68
0
0
100
68
932
228
132
68
68
0
68
68
0
0
132
68
68
68
68
0
0
228
68
68
0
0
1060
1252
0
200
196
12484
10948
0
68
804
0
68
68
0
68
68
68
2566
1254
68
68
1254
2084
324
0
68
132
68
68
644
68
68
328
68
644
68
68
584
772
644
68
68
68
0
0
1060
196
0
2084
104
644
0
1060
1060
1060
260
0
36
644
1700
0
0
1060
68
0
68
100
68
742
228
260
2052
68
12570
68
0
0
452
0
548
1220
228
164
260
580
484
2884
516
164
324
68
228
644
0
68
68
0
0
228
68
260
0
0
0
0
0
0
68
324
68
740
0
68
0
0
68
68
68
164
68
0
68
0
356
0
68
68
0
68
198
0
1028
324
68
68
68
0
68
15556
14020
68
1064
68
132
68
644
0
0
68
196
200
742
742
104
644
2212
1252
68
68
0
68
32
260
0
68
260
812
964
0
68
644
0
0
1060
36
68
68
2150
68
2566
68
0
0
0
0
228
1316
36
0
260
1828
644
1380
324
0
68
68
996
68
99172
99204
98820
97828
36
99236
99012
0
68
68
68
117623
200
0
68
68
68
292
644
1380
0
228
452
260
68
260
868
356
68
0
68
644
0
0
0
68
228
68
0
68
42
68
68
68
0
644
1380
644
356
132
68
68
68
68
68
68
68
68
1028
0
68
0
0
68
68
0
260
68
0
0
68
0
68
32
68
228
998
2310
36
0
68
0
0
68
260
4
0
164
0
36
260
0
196
644
1060
1060
14468
17092
68
1540
68
0
0
740
708
36
36
0
68
0
356
100
36
68
0
68
68
0
68
0
68
1828
1156
68
0
774
644
68
68
68
68
580
0
59
644
644
228
101
228
196
292
118
232
228
644
1220
228
68
644
644
196
68
0
324
0
0
0
0
0
0
0
0
0
0
0
0
0
0
68
68
0
0
68
1380
644
0
868
0
0
164
0
100
0
0
0
0
0
68
68
68
68
68
68
0
0
68
68
0
0
0
0
0
0
0
0
0
0
0
0
0
0
68
68
68
14468
14468
0
0
0
0
68
68
742
1188
0
356
68
68
0
0
0
1060
644
644
0
0
68
904
71
328
0
644
2532
2980
68
644
548
68
68
68
68
68
68
68
932
4
0
420
296
68
1060
644
68
0
0
228
110308
4
68
2052
68
32063
1540
0
0
68
0
644
1035
47
1380
27
228
452
356
232
228
228
228
516
1668
228
228
1796
742
452
324
260
4
196
260
0
0
68
0
68
68
356
0
115204
68
644
0
0
68
68
548
0
68
68
452
68
1028
68
292
68
0
0
68
0
68
68
68
68
0
0
0
0
1540
0
0
132
68
55812
77540
1380
68
68
0
0
68
196
324
168
0
0
68
0
68
68
228
1060
100
0
168
644
68
196
68
68
1220
68
36
68
68
0
812
932
644
964
4
0
260
260
772
644
36
68
68
644
0
0
68
68
0
0
68
964
36
68
68
100
68
68
648
484
68
876
0
0
644
452
260
484
68
324
260
128
388
0
868
36
228
68
68
228
0
0
68
0
68
4
1348
0
68
0
68
68
228
68
0
0
68
228
196
1220
1668
0
1380
68
0
68676
932
0
68
68
0
0
0
68
68
876
356
998
68
742
2374
200
1670
742
260
0
0
68
0
644
0
0
0
68
0
36
0
0
2088
68
228
68
644
1928
104
68
68
772
1060
36
0
644
68
200
1907
68
0
68
0
132
0
36
356
644
0
964
4
68
68
260
200
68
292
100
132
742
452
644
691
0
0
68
68
0
68
100
0
196
31
964
51
228
68
324
196
484
260
49700
228
228
708
228
200
868
196
68
228
1956
68
644
68
772
228
644
68
228
68
228
0
0
4575
68
68
68
68
68
68
68
68
0
0
1604
68
4
68
712
0
0
0
0
0
0
68
68
36
0
0
0
0
0
0
0
0
0
0
2404
260
68
1060
0
0
0
36
1412
932
164
164
1060
132
644
644
68
742
580
644
68
0
68
388
68
292
68
68
260
68
68
68
68
0
0
0
0
0
0
0
0
200
68
100
998
32
0
0
0
0
0
0
0
0
0
0
0
0
228
0
68
4
68
0
68
68
1764
36
228
27
644
47
838
70
1252
89
484
260
504
0
68
68
68
292
68
61
68
232
232
0
68
484
0
68
900
0
260
4
68
68
0
0
0
68
0
68
0
228
0
68
388
0
68
0
0
68
0
0
68
0
228
68
228
277
872
235
1156
68
0
356
68
68
68
0
68
68
68
68
0
68
58756
644
196
68
68
68
0
0
742
742
168
742
804
0
0
1060
68
0
0
68
0
36
644
644
68
516
644
68
0
0
68
584
0
0
68
0
1060
1060
0
68
100
68
1060
36
0
0
68
0
296
68
644
164
548
68
548
68
0
68
0
68
68
1604
68
0
0
68
68
0
