420
0
228
260
107
1316
128
260
516
64
164
68
260
260
420
0
0
0
356
164
202
0
260
232
644
644
68
68
0
68
68
68
68
260
164
228
68
68
100
0
548
228
0
68
68
68
0
0
612
0
0
0
0
68
68
0
68
68
0
612
0
0
0
0
68
68
36
584
388
68
0
0
0
68
68
68
68
68
0
56964
420
36
356
68
9095
0
196
68
1604
228
68
0
68
0
68
644
196
0
68
68
68
68
0
68
644
772
68
68
68
4
68
0
0
68
0
68
4
644
644
0
452
516
68
68
68
68
68
68
644
644
164
0
68
36
876
68
644
68
68
68
228
68
68
0
68
68
100
580
4
132
616
0
710
0
0
68
68
36524
356
644
644
0
644
0
0
68
0
260
36
228
27
2116
47
68
61
173
228
68
324
0
0
260
68
0
0
260
260
228
68
0
0
36
0
0
0
0
260
356
2372
68
68
68
0
0
68
0
0
68
68
68
68
0
68
0
68
68
0
68
68
68
132
68
68
68
164
1412
0
68
0
452
0
0
68
68
0
0
68
1572
68
0
68
0
868
0
68
772
561
0
57732
676
452
0
68
644
68
676
68
260
0
68
260
0
68
0
0
0
0
68
68
132
292
0
0
644
36
68
2596
1800
644
876
36
964
0
0
0
0
68
164
836
0
1060
36
68
68
68
0
0
36
0
68
0
1060
964
68
0
68
0
1604
292
0
68
68
0
420
996
0
0
1060
68
68
0
68
68
0
68
0
68
36
0
68
0
0
0
516
516
516
516
516
68
68
1060
0
68
0
0
0
68
0
68
68
68
68
68
68
68
68
0
0
0
612
0
0
0
68
0
68
1636
0
0
1252
356
0
0
68
68
65604
420
68
0
0
0
292
0
68
228
0
68
68
772
0
0
0
68
68
68
68
68
0
644
4
0
68
68
68
68
0
36
100
0
0
0
68
644
36
644
0
0
228
68
68
68
644
68
68
1060
0
0
68
68
100
68
106212
0
68
68
68
1060
0
68
260
28
228
48
260
2212
260
484
900
196
260
68
68
68
68
68
0
0
68
0
68
68
68
612
0
68
0
0
0
68
68
68
548
0
0
68
50212
420
0
292
260
68
68
0
292
1156
68
68
36
68
68
68
68
644
1124
0
68
68
68
228
68
68
68
68
0
1060
772
68
3460
0
940
68
644
676
68
804
4
68
68
644
0
68
132
1060
644
68
0
0
68
164
0
36
0
68
0
68
0
68
0
2020
324
0
68
68
580
0
68
68
420
644
1060
0
0
964
80
964
200
80
708
228
68
196
292
63
228
228
36
68
0
68
292
0
68
356
356
0
0
260
115204
68
68
68
0
868
0
0
68
0
0
552
68
0
228
260
260
228
228
0
68
68
68
388
0
68
196
100
0
0
0
0
68
0
0
0
0
260
68
0
100
68
1028
228
68
0
68
0
0
68
68
0
68
0
68
0
68
0
68
356
516
68
1668
2052
0
0
68
68
228
68
0
68
68
0
0
0
0
5636
644
68
0
0
0
0
0
0
0
0
0
0
612
0
0
0
100
996
0
1060
32
0
836
130020
68
0
68
68
68
68
68
68
324
100
68
804
68
0
0
68
104
296
4
292
0
0
0
68
0
0
132
68
644
0
452
68
0
68
0
296
0
548
196
772
68
548
0
612
296
0
0
1060
68
68
1060
644
200
68
68
68
0
644
36
71
0
644
0
68
644
644
0
260
0
68
68
964
4
4
0
0
68
68
0
644
0
328
0
68
68
68
0
964
68
132
68
132
132
196
36
68
36
68
68
18124
4
100
616
63
68
68
548
68
118189
260
1060
68
68
68
0
644
0
0
260
228
0
68
68
68
0
68
68
0
228
0
70
68
0
68
0
0
1376
0
68
644
100
996
164
0
68
68
68
68
68
68
68
68
68
68
68
0
0
68
0
0
0
0
0
0
388
1412
644
900
2468
260
260
196
68
228
68
100
0
1444
0
0
0
0
0
0
0
71300
420
0
356
68
100
292
1252
1252
742
68
742
36
710
68
0
812
68
12932
68
260
324
68
964
0
324
260
0
68
1732
68
2088
0
644
0
100
0
68
36
68
68
68
68
0
68
0
68
772
0
196
68
68
68
68
0
68
132
1060
68
68
68
68
68
0
100
36
552
0
68
100
36
68
452
68
68
37215
4868
0
0
27
296
27
32
324
872
0
260
0
0
0
0
0
68
644
68
484
0
68
260
260
0
68
0
0
68
196
196
36
68
68
0
68
68
68
612
516
68
0
68
68
0
68
68
68
68
68
0
0
0
0
0
0
0
0
0
0
0
68
68
0
0
0
68
388
644
68
0
0
0
0
68
62596
1700
356
0
68
68
68
132
0
1540
54052
0
68
68
260
68
710
68
68
68
68
68
0
0
964
68
228
1000
196
228
0
68
772
644
68
0
68
644
0
68
0
964
100
0
0
100
1060
1060
0
0
68
1060
0
68
68
70
4
68
0
36
2052
228
68
68
68
132
0
0
47
68
644
1060
0
68
68
0
68
68
68
68
0
644
0
0
36
0
0
68
68
100
0
0
0
0
68
68
68
1128
0
0
68
68
0
0
68
68
1028
0
0
68
292
68
68
0
0
68
71780
420
196
68
612
228
0
68
68
0
0
0
0
0
0
0
0
0
0
68
68
68
0
0
0
0
0
0
0
0
0
0
0
0
0
0
0
0
0
0
68
324
644
4
0
68
0
104
100
0
1028
4012
68
0
36
1260
644
0
1060
68
68
68
68
200
68
68
68
0
196
644
0
0
36
0
36
1060
36
452
0
164
68
644
964
0
644
36
68
0
32
47
742
27
68
68
0
0
228
0
68
196
70
0
0
0
0
68
0
228
2020
68
68
296
0
68
36
2916
0
68
68
68
68
68
228
0
0
0
0
68
68
0
68
68
68
0
68
0
0
612
0
68
356
356
260
27
126756
68
68
64708
0
0
420
68
68
68
0
68
68
0
3496
0
0
68
452
68
100
100
1252
68
292
644
4
68
68
68
68
68
68
644
68
68
0
1124
0
36
68
68
812
0
0
0
804
548
0
68
0
36
0
1060
964
0
68
68
0
0
68
68
1060
644
68
4
68
0
1124
740
36
772
68
710
580
68
4
68
998
644
68
0
68
0
0
0
68
68
68
0
68
0
0
1156
1156
1156
68
68
68
68
0
100
0
0
0
0
0
68
356
0
0
0
0
1252
0
68
5892
68
100
0
1412
68
0
644
68
420
0
452
68
776
0
0
0
0
742
68
68
2084
644
296
3048
164
68
0
68
644
0
644
68
644
0
0
68
260
640
0
644
68
0
1060
68
68
772
68
0
836
68
132
132
100868
0
68
68
644
68
68
68
0
196
