59
2052
292
101
196
0
68
68
228
68
68
0
68
0
68
68
0
68
0
0
68
68
0
68
0
0
0
0
196
0
0
0
68
68
68
68
68
68
0
68
196
0
68
68
68
68
0
228
68
0
68
0
68
68
644
228
0
68
68
68
68
0
68
68
0
0
0
68
68
68
0
0
0
68
0
0
68
68
0
0
68
0
68
68
0
68
68
0
0
68
68
68
1668
4
68
68
356
1380
2116
0
0
0
0
0
0
0
0
0
840
0
0
68
68
1188
71684
228
0
168
0
742
0
0
68
68
68
68
68
324
68
0
644
644
68
644
100
68
644
1060
36
836
0
644
0
1252
68
740
200
0
68
0
644
68
0
164
264
68
0
68
68
68
964
644
0
772
228
1060
0
0
100
292
132
4
36
196
68
260
4
68
644
644
68
68
644
68
0
0
96868
0
296
136
1828
2436
644
644
178
1046
0
0
292
68
324
228
452
2276
324
228
68
68
2468
175
68
68
68
68
68
68
68
68
68
68
68
68
68
68
68
228
0
100
0
0
0
0
0
0
2276
68
0
68
68
68
0
68
228
68
0
68
0
0
68
0
68
0
68
68
68
68
68
68
0
1028
68
68
68
68
68
68
68
68
68
0
0
0
420
57028
0
68
0
68
0
228
0
0
68
452
644
0
0
68
0
68
0
0
68
644
68
68
580
644
0
32
644
0
68
68
0
0
0
0
644
68
0
324
68
0
804
68
200
328
68
68
1028
68
68
0
0
0
644
0
676
228
68
36
876
196
36
0
132
68
68
68
0
644
68
0
628
6596
484
0
484
68
68
200
100
3492
1060
68
228
1252
260
612
1060
68
644
68
68
0
0
420
68
68
0
228
228
68
68
68
0
68
292
1284
68
68
68
68
0
68
636
68
68
68
68
68
0
0
0
63
68
200
260
0
0
0
0
68
68
68
68
68
68
0
68
68
68
68
68
100
4
68
68
68
100
132
68
68
68
644
1252
68
580
644
644
644
0
644
112406
68
552
0
0
0
548
2540
68
356
776
292
0
260
644
0
0
0
0
0
0
0
0
0
644
0
0
68
0
676
68
68
68
68
68
68
0
0
68
0
65444
68
0
68
0
228
68
0
68
228
0
68
100
0
68
68
196
0
2212
388
68
68
868
2276
0
0
0
68
0
0
132
68
0
260
260
260
644
68
0
0
0
740
146
68
772
0
0
0
228
0
0
0
0
68
0
0
0
68
68
1412
0
68
0
356
0
100
0
644
68
55780
0
0
68
68
2116
68
68
68
68
4
68
742
68
200
68
68
68
0
548
68
68
68
100
0
68
44
132
644
0
0
0
644
68
0
68
548
68
0
68
0
616
68
4
644
388
68
1060
420
68
68
68
68
68
292
200
100
100
100
0
932
356
0
68
68
0
100036
68
2180
36
228
0
1284
228
228
228
260
260
68
27
644
27
32
196
0
260
0
68
68
68
644
0
324
356
68
68
228
68
0
132
68
68
68
0
68
68
68
0
228
68
0
68
1060
742
68
0
0
1092
0
644
0
16684
264
68
36
68
292
32
0
100
68
2212
54244
68
644
812
68
452
1188
0
68
68
68
1028
0
68
68
644
0
68
68
68
68
1412
644
0
68
644
0
68
68
644
68
68
68
580
68
68
644
68
68
100
868
68
0
356
0
0
292
68
710
0
68
68
0
68
68
68
68
68
742
0
644
644
13215
644
68
644
324
68
644
0
0
260
228
37296
68
14314
68
612
68
68
36
196
132
292
0
68
68
36
644
488
68
68
232
68
68
68
0
11012
4
68
644
1060
100
0
0
0
1260
296
0
68
0
1060
0
2148
0
68
68
774
68
228
68
0
68
68
68
68
68
68
68
68
68
420
68
68
1444
1252
3944
0
0
0
0
0
0
0
68
0
0
580
68
68
68
68
68
68
900
1252
0
0
228
68
68
0
0
4
68
76
1704
76
68
260
260
0
68
68
0
0
0
68
0
644
0
484
484
68
68
0
68
0
0
0
68
296
4
228
68
68
68
68
68
196
68
0
68
0
260
0
68
68
0
68
0
0
0
68
132
900
68
68
49892
356
0
68
0
0
68
68
2276
2276
2276
2276
0
0
115108
132
260
1096
164
132
68
840
644
260
111
260
228
388
4004
388
228
228
228
68
260
68
612
68
260
68
68
836
68
68
356
68
68
644
644
742
36
0
0
0
0
0
68
260
228
0
68
0
0
0
100
68
68
200
932
68
0
0
68
0
68
68
0
68
68
68
0
772
0
100
2052
0
0
0
68
292
2468
68
0
0
68
0
132
164
932
60292
1092
0
100
100
260
0
68
68
0
0
0
68
68
324
68
68
68
0
0
1060
0
68
68
68
0
200
0
292
68
36
68
420
516
0
0
0
100
0
4
68
68
548
0
772
680
964
40
196
68
644
644
1060
0
0
0
0
2500
0
68
548
68
32
292
200
0
0
0
0
0
100
0
452
36
2596
0
100
0
0
105348
0
0
0
68
260
484
228
68
0
260
356
68
68
68
0
68
68
68
228
228
260
260
484
68
100
68
68
0
0
0
68
68
68
68
0
0
0
68
68
68
68
68
68
1284
0
68
0
0
0
0
932
68
68
0
0
420
43620
452
452
0
68
0
0
68
68
2726
708
68
68
0
2212
68
68
36
168
36
68
296
104
836
0
4044
2468
68
0
804
68
68
68
0
0
200
100
1896
0
776
68
100
0
68
0
0
68
1060
0
68
516
644
0
548
68
644
388
1636
0
68
0
36
68
68
0
644
0
0
54382
68
644
0
0
260
228
388
260
0
260
68
0
644
228
0
0
0
68
68
0
68
0
1252
420
63972
1028
0
68
1060
100
612
1060
68
0
228
68
100
68
0
0
0
0
452
68
0
0
68
260
0
452
68
36
676
68
0
68
68
132
0
644
324
129892
68
68
0
68
68
68
0
68
0
68
0
68
68
4
0
68
68
200
0
68
0
484
68
1060
68
100
0
644
264
36
68
68
0
0
36
644
68
3
260
4
0
0
100
68
68
260
0
0
0
36
68
0
68
196
804
740
0
164
36
4
0
100
740
68
68
68
68
0
36
356
100
68
68
68
4
710
0
998
100
0
644
4452
68
0
27
644
47
324
5668
790
0
232
260
68
68
68
420
68
68
68
68
0
68
1412
1412
68
644
68
260
0
68
0
68
68
68
356
4
0
0
68
260
260
68
68
36
0
0
0
68
68
68
0
0
68
68
68
0
0
68
68
228
0
68
0
1156
68
0
68
68
68
68
68
0
0
68
0
0
932
54212
2468
196
260
0
0
998
742
0
0
0
68
68
100
516
0
0
68
0
772
1060
0
68
644
0
68
0
68
644
900
68
68
68
68
68
68
68
68
68
0
516
68
1092
68
68
0
1260
68
644
0
0
68
36
644
644
0
68
612
0
0
0
644
68
0
708
18689
0
644
68
0
