260
644
68
50
68
0
68
68
68
0
0
0
0
260
68
388
68
0
868
0
0
68
68
0
228
4484
0
68
68
196
0
36
0
612
68
0
0
0
0
0
68
68
0
0
0
68
68
0
68
324
964
260
68
68
68
68
68
68
68
68
68
68
68
356
0
68
2212
0
0
0
0
0
68
420
43012
0
1252
68
100
100
742
0
0
68
1060
0
68
0
644
228
644
68
68
68
164
1060
68
0
232
0
68
0
0
452
644
0
612
68
68
260
644
38795
68
68
0
32
228
260
260
36
260
32
68
0
232
114980
196
228
0
644
0
0
260
0
0
676
68
228
260
0
1124
644
68
68
68
0
0
0
0
68
0
68
0
0
0
68
68
0
68
0
0
1252
324
0
0
0
0
0
0
0
0
0
0
0
0
0
0
0
0
0
0
0
0
164
68
0
132
68
420
48868
0
0
132
0
644
708
742
4
0
68
1860
1060
68
68
68
68
68
0
644
0
100
1412
0
876
132
100
68
168
548
0
356
1060
420
68
0
228
296
100
68
900
68
68
0
68
100
0
228
0
68
292
742
68
68
0
0
1060
0
0
0
1046
77
744
232
356
612
228
612
612
612
68
68
68
68
68
68
68
644
228
0
0
0
68
0
68
68
68
0
0
0
68
0
0
0
68
68
0
0
0
68
68
68
68
68
68
68
68
0
0
68
68
68
68
68
0
0
68
0
0
0
0
0
68
0
68
0
0
0
0
356
68
68
2696
228
420
55940
12644
0
68
68
0
644
1190
68
68
0
68
0
0
0
0
0
0
68
68
0
0
68
68
0
68
2148
68
68
68
644
644
68
68
644
196
1220
324
644
964
1060
68
36
644
644
68
164
0
68
68
68
0
0
0
32
1060
68
100
644
68
0
1060
388
0
68
68
100
164
0
68
0
644
0
164
616
292
292
1160
616
68
0
644
484
0
1060
644
644
68
644
109439
0
61
68
27
644
27
260
68
0
228
0
0
68
0
0
0
0
68
0
484
0
3756
68
0
0
68
292
0
92
648
92
200
68
260
68
68
100
0
260
228
68
100
68
68
708
68
548
0
0
612
5572
0
164
68
68
0
0
0
0
68
0
68
0
0
0
68
0
68
0
68
68
68
68
196
0
0
0
420
58308
100
0
356
584
68
36
0
68
168
68
68
68
772
964
36
0
0
0
68
4
0
68
68
68
0
0
68
708
68
0
644
1348
644
292
0
0
68
0
772
0
0
264
68
1060
0
68
68
1220
100
68
644
0
100
200
998
0
0
1060
0
68
0
644
36
0
196
292
0
98
644
742
138
68
68
260
0
68
356
868
0
616
68
68
260
68
0
1220
228
228
260
0
68
0
228
68
0
68
68
68
68
228
0
0
0
1028
68
68
68
68
0
0
68
0
68
0
68
0
420
52004
0
68
1124
68
196
196
838
0
644
708
0
68
68
0
356
2056
0
68
644
68
68
0
68
68
68
0
68
264
0
68
68
132
1060
68
68
68
1060
644
388
100
4
68
292
0
68
616
68
998
68
68
0
68
68
0
0
644
104932
644
644
0
228
68
29
744
49
260
29
0
0
228
0
68
0
68
0
68
644
0
0
0
0
68
68
68
68
68
68
68
68
644
228
68
68
0
0
68
68
68
0
0
0
0
0
68
0
0
0
0
0
644
177
68
68
260
260
260
68
260
708
612
68
0
68
0
0
0
68
68
68
68
68
32
100
68
356
2692
356
68
68
68
1252
0
1380
0
0
0
0
0
420
1092
0
68900
1380
900
900
68
228
0
0
68
0
68
0
0
0
0
0
0
0
0
0
0
0
0
200
68
0
0
68
68
68
644
644
68
644
644
0
68
68
68
0
0
296
516
644
0
644
36
1220
68
68
68
68
68
68
0
0
68
4
0
68
68
68
68
68
932
68
0
4
644
644
46458
68
0
292
1412
0
28
644
644
48
228
4
3812
141
0
260
0
260
4420
68
68
1252
100
100
0
0
0
0
68
0
0
68
68
0
164
100
0
68
68
0
0
0
68
0
36
324
68
36
0
676
964
0
61060
68
68
1028
0
68
196
68
742
998
200
36
68
68
0
804
68
68
68
644
68
580
772
68
708
68
1060
200
0
4
0
644
228
644
516
0
0
0
548
98820
68
68
62759
260
0
68
0
2276
2276
2276
2276
2276
260
228
0
68
68
1060
0
0
0
0
0
68
1220
68
0
0
68
68
68
68
68
68
68
196
0
68
68
68
68
68
68
0
68
836
68
0
296
324
644
644
196
644
100
356
644
68
36
292
644
644
1060
644
0
0
0
1060
612
776
164
260
68
68
1064
548
68
68
68
68
0
0
0
0
0
0
0
0
324
1924
68
742
0
68
742
0
68
0
68
0
68
804
0
99044
68
0
68
996
68
68
68
68
868
164
100
36
63
68
68
68
68
708
68
68
420
484
260
356
452
260
68196
0
68
0
0
68
324
324
324
324
324
324
0
68
68
99076
99108
98660
0
644
0
68
484
68
228
584
0
0
115332
2276
2276
2276
70
0
0
1260
0
0
0
228
260
260
0
68
0
68
68
0
0
0
0
292
68
68
644
228
68
68
68
68
68
68
68
0
0
0
68
68
1636
0
356
36
36
68
356
68
0
68
324
0
68
48548
420
0
0
68
452
0
68
0
200
0
68
516
68
804
644
68
644
68
2056
260
644
68
68
68
0
324
68
164
68
68
68
0
1060
0
68
0
0
68
292
328
644
296
644
68
0
100
100
292
132
644
0
68
0
0
1060
452
0
79125
68
132
0
484
452
27
644
27
10948
356
55332
296
68
1444
68
388
68
68
68
0
68
228
68
420
68
68
68
196
228
0
68
68
196
260
68
0
0
68
68
0
0
0
0
644
0
0
68
36
324
324
324
324
324
324
324
0
0
0
0
0
68
0
68
0
68
68
356
0
0
68
68
1252
68
0
0
0
1188
1060
324
644
644
1060
68
0
356
200
4
68
1068
68
68
68
68
68
68
100
324
68
0
964
0
0
0
0
228
644
1060
68
68
68
68
68
0
0
68
0
0
0
68
68
0
0
68
68
0
68
356
68
324
68
2088
676
68
516
324
