196
68
388
949
898
898
898
898
949
228
228
452
228
452
452
388
1252
228
452
452
452
452
2692
260
228
2148
1668
5652
228
260
260
356
388
0
516
228
1668
228
228
1380
388
228
228
292
1028
228
188
68
0
356
68
132
68
68
68
2180
68
68
68
68
68
68
100
0
580
68
68
228
68
1128
68
0
676
58724
0
0
0
36
0
0
68
0
68
36
68
2468
68
68
0
0
0
0
804
100
36
548
100
1156
1060
164
1064
68
644
132
580
900
0
644
456
4
68
68
68
36
0
68
36735
292
68
68
0
36
68
14244
32
0
0
0
0
0
0
1060
644
260
68
68
68
68
68
68
68
68
68
68
68
4
248
388
1060
1284
68
68
0
644
143
868
1060
0
164
644
964
0
228
0
1380
1059
949
898
898
898
898
898
949
949
898
898
1252
228
99
27
742
47
228
228
68
228
484
68
260
484
260
228
2756
1380
260
2692
228
228
228
260
774
228
228
260
68
68
228
516
68
228
260
68
388
68
612
68
68
68
4
0
68
68
0
0
868
1348
68
68
68
1540
0
580
0
0
292
68
0
68
68
0
68
0
0
0
68
0
228
420
62308
644
68
644
0
0
0
0
0
0
2760
27
0
68
0
68
68
644
644
0
0
200
548
0
0
0
0
0
132
68
1060
115672
772
644
772
228
228
228
228
228
228
1700
644
68
998
644
264
68
644
68
228
644
644
0
292
296
1060
68
68
196
68
0
68
68
36
36
0
68
742
0
0
0
68
68
324
228
838
132
420
36
68
324
228
68
0
0
0
0
0
0
0
0
0
0
0
0
0
0
644
900
68
68
68
260
228
0
0
68
68
1060
173
0
32
0
68
260
260
296
68
68
644
0
0
0
2372
1060
68
196
196
228
1348
0
0
68
68
0
68
0
68
68
68
100
68
0
0
0
1668
2468
0
580
420
66660
0
0
0
0
0
0
0
0
0
0
0
196
0
0
14723
580
0
324
0
68
0
742
260
0
68
1
68
68
260
168
100
68
260
0
0
68
772
0
516
100
644
0
0
0
0
68
68
4
68
4
644
612
68
36
68
68
0
68
36
644
68
296
68
584
68
0
68
68
68
260
1700
260
260
968
260
68
68
0
68
260
68
68
68
0
0
68
68
1028
772
68
964
0
0
324
196
68
0
0
0
0
68
356
0
0
68
0
68
0
164
324
324
68
68
328
0
0
68
0
0
68
4
356
0
932
68
0
104
1060
1060
68
644
612
68
200
68
68
964
68
742
68
68
1412
60612
68
0
68
68
0
68
68
68
296
4
68
68
68
68
260
228
68
644
0
644
68
484
0
260
260
452
260
452
4230
147
228
260
68
292
68
68
228
0
68
68
68
292
0
324
0
68
0
68
0
0
0
36
68
68
68
228
115044
0
0
68
68
3
228
68
0
228
68
68
0
68
964
68
68
644
68
68
0
68
68
68
68
68
68
68
68
0
68
0
0
0
68
68
68
68
68
68
0
68
0
0
1028
132
292
68
132
420
50276
68
580
1092
1252
196
68
0
260
68
335
68
68
0
0
68
324
32
1412
196
68
68
644
0
68
68
68
0
0
0
0
0
0
0
0
0
0
0
0
0
0
0
0
68
68
68
68
584
0
68
0
0
644
132
644
68
644
0
644
68
0
644
1348
0
996
644
200
0
0
1060
1060
644
68
68
452
132
644
0
68
68
68
644
644
132
0
0
228
356
132
296
1028
68
548
68
68
644
0
68
68
68
36
0
292
0
68
644
644
0
452
2148
132
742
548
644
111
260
484
516
420
228
228
260
68
100
0
872
232
0
0
0
68
0
0
0
228
228
68
0
0
0
0
68
68
68
0
0
0
0
0
0
292
0
68
0
0
68
68
0
68
68
0
68
68
0
1028
708
772
0
0
0
1188
63076
1124
0
132
0
68
132
932
68
0
324
740
292
998
0
0
68
0
0
0
0
0
68
68
1060
644
296
36
1668
548
68
68
0
200
0
0
68
68
0
0
68
0
0
548
68
132
68
68
68
0
452
0
808
68
644
36
0
0
0
68
68
0
68
68
0
44525
68
68
68
68
0
68
0
0
0
68
68
27
196
47
68
0
68
68
68
68
69
0
0
1700
68
68
0
0
0
0
260
260
68
0
228
68
68
68
68
0
0
68
100
0
0
68
68
68
68
0
68
68
1284
4
356
260
356
356
132
132
0
324
356
68
68
68
1124
0
68
0
0
0
1348
0
0
0
0
1380
65348
0
0
356
68
68
100
292
68
0
996
644
0
644
36
68
1188
868
0
68
1060
228
0
68
0
68
0
296
36
68
68
68
4
260
840
2088
0
964
68
68
644
68
68
68
296
1060
68
644
876
68
0
552
740
0
0
68
68
0
68
0
68
644
356
164
644
200
0
644
1060
196
0
68
11948
38660
68
0
4
68
68
68
68
68
95524
168
200
644
0
260
228
484
0
0
68
68
68
68
156
964
118
484
68
68
0
68
68
146
0
68
0
0
68
0
612
68
68
1540
61
68
0
68
0
68
68
68
68
132
132
1828
132
68
196
0
68
132
68
644
41156
1636
68
68
356
0
164
68
68
0
68
68
0
68
36
0
68
708
68
324
1060
68
328
68
68
644
68
68
0
100
68
644
196
0
68
68
1060
296
68
0
964
804
0
1060
0
644
68
1060
264
2088
0
228
68
68
100
0
0
68
516
68
68
644
68
68
68
68
0
68
68
100
68
68326
612
644
260
644
644
452
0
324
324
260
420
452
2884
228
228
63
1510
0
36
68
68
0
324
68
0
32
115108
68
68
0
868
644
868
0
0
68
68
0
0
0
0
228
228
260
228
68
68
132
1220
0
68
68
68
68
0
0
68
0
0
0
68
68
68
68
260
68
1028
1348
68
36
0
420
68
356
0
49700
68
68
292
0
68
32
0
644
0
68
328
68
644
132
68
0
644
0
0
104
644
68
0
164
100
452
68
356
196
0
3756
100
296
644
68
644
644
644
0
68
228
132
68
0
68
0
0
68
4
68
68
68
388
68
68
0
356
68
4836
0
190
1380
644
328
80
420
324
228
452
1668
2756
64
452
324
644
68
68
260
260
68
68
68
68
998
68
260
0
0
0
0
0
0
0
868
644
0
68
68
68
68
0
68
68
68
0
68
0
0
68
68
0
612
68
68
68
68
0
0
0
164
68
0
68
1284
324
68
356
68
68
68
0
164
68
196
68
68
1252
0
72132
1060
644
1060
68
68
644
516
0
36
3752
1348
644
68
420
228
0
100
36
1060
0
0
68
0
168
708
68
68
836
772
644
68
1060
68
68
644
644
0
36
68
0
964
36
0
68
644
68
4
0
228
676
0
0
356
0
0
68
0
