452
260
484
188
228
452
230
68
68
0
68
296
0
68
68
68
68
0
228
0
68
68
36
68
0
68
0
0
68
68
0
0
644
0
0
260
260
228
228
0
580
164
0
0
0
0
0
68
0
0
0
68
0
68
0
68
68
0
0
68
0
68
228
260
260
964
292
36
324
0
324
932
0
0
1348
51716
420
0
0
0
0
0
0
0
0
0
68
0
0
0
0
1538
644
0
68
68
0
100
68
0
68
68
68
644
0
1060
1188
644
68
200
36
68
3
68
1060
68
68
68
1068
296
100
100
644
36
68
0
68
164
68
328
644
644
1060
0
644
1060
292
0
0
0
68
34357
836
128356
644
260
0
68
68
644
0
0
356
58
644
388
292
388
100
484
904
68
484
484
516
484
68
260
484
516
516
68
68
68
68
68
68
644
676
972
644
644
644
200
0
0
0
68
0
0
0
0
0
68
68
196
68
68
68
0
68
68
420
0
0
68
68
68
0
68
68
0
68
68
0
1828
68
1028
100
292
68
0
132
68
68
0
324
324
324
68
324
48900
932
324
0
324
324
964
324
68
0
356
68
452
68
68
0
648
644
68
68
0
68
0
68
68
328
68
68
644
36
644
68
644
0
68
260
0
4
580
0
68
644
68
132
0
0
200
644
36
0
68
68
68
644
68
36
296
68
0
1548
68
68
0
580
516
324
68
4
68
356
68
68
104804
117080
0
0
68
0
996
0
452
228
27
200
47
260
68
228
0
0
70
2148
452
68
68
0
68
0
0
0
0
0
0
0
0
196
0
0
228
68
0
68
68
228
260
0
4
68
228
228
0
68
196
164
68
1028
1668
200
68
0
0
68
68
0
68
68
0
0
0
68
0
0
0
68
68
68
68
836
68
356
580
260
260
356
356
388
1376
68
260
324
68
324
0
0
0
1092
54564
932
1380
260
452
68
68
0
68
68
68
0
68
68
100
68
0
68
68
68
68
68
68
2116
68
0
0
612
742
232
68
900
36
200
68
0
0
0
0
68
68
0
228
68
772
68
68
68
644
324
1124
68
0
4
0
68
0
0
68
0
964
68
68
68
0
36
68
68
644
68
68
292
68
644
292
644
0
68
0
228
2052
68
292
0
68
1060
68
644
708
0
424
324
644
68
0
68
0
0
68
68
68
0
36
0
0
0
0
68
0
0
0
68
260
68
68
4772
260
68
0
68
0
68
68
68
68
0
0
68
68
68
0
68
68
68
0
68
68
68
68
0
68
0
1156
708
36
0
68
60932
0
420
324
68
324
324
0
324
324
324
324
324
68
68
0
36
742
0
0
36
0
164
0
228
356
0
0
328
36
68
0
0
644
132
0
32
68
68
260
68
0
36
68
548
0
0
644
68
324
68
68
644
0
1060
68
452
196
228
196
31
516
51
100
260
452
292
260
260
260
68
0
0
68
68
68
68
868
228
68
228
68
260
260
13540
260
228
68
868
68
516
68
68
0
68
68
228
228
68
36
228
1060
324
68
1092
0
68
1124
68
68
548
644
36
200
742
68
0
68
68
644
0
644
36
676
644
36
36
0
644
68
0
3628
644
0
356
68
68
644
68
0
68
548
0
68
644
68
644
68
1060
644
164
1060
68
68
68
644
4
68
516
0
68
68
0
0
99
260
644
269
452
4452
484
260
998
36
228
68
0
68
68
68
228
68
260
68
68
68
0
0
68
68
68
68
0
68
68
115492
196
868
644
68
68
68
68
0
0
68
260
13540
0
328
68
100
68
0
68
1348
68
612
612
612
68
0
0
68
68
0
0
68
0
68
68
68
228
68
420
0
68
0
1092
68
68
68
68
68
68
68
1764
0
68
0
0
1348
0
0
324
0
44772
420
324
68
324
324
324
324
324
324
324
68
0
68
68
68
68
100
0
772
68
68
68
1028
68
580
68
0
68
644
328
68
0
644
0
68
812
900
644
68
68
68
0
1060
68
68
68
644
1700
164
68
68
644
296
0
68
932
260
68
0
1156
68
644
296
0
32
452
644
0
68
0
0
0
0
772
68
1060
644
33190
644
324
644
0
0
644
644
68
0
68
644
0
4
452
452
452
452
452
452
452
452
1380
171
452
484
516
452
260
228
228
612
68
2020
644
188
68
68
68
0
0
0
644
0
68
0
0
0
0
68
228
6788
260
68
0
0
68
292
36
0
68
0
0
0
68
68
0
68
68
68
68
68
0
872
68
0
68
68
0
0
0
68
0
0
0
68
68
68
68
68
68
68
68
68
0
68
68
68
1156
324
0
58916
420
68
164
1252
0
68
68
68
2308
0
0
742
200
644
0
0
68
68
0
0
68
516
0
0
68
132
68
804
68
68
68
0
964
644
0
68
0
0
0
1220
644
164
0
644
904
68
68
68
68
36
0
68
0
132
168
200
68
644
0
68
0
0
13540
27
228
872
277
452
516
228
228
50532
1380
228
68
228
260
292
68
0
612
452
68
68
132
132
68
68
68
68
1188
292
644
452
68
196
127524
196
0
0
0
68
68
68
68
68
932
0
836
68
0
0
710
68
68
324
324
324
324
324
324
324
324
68
0
0
0
68
68
0
0
68
0
0
0
644
36
0
0
0
0
0
0
68
872
68
68
4
0
68
68
68
68
68
68
68
0
68
68
260
68
68
0
4
68
100
68
644
644
68
68
812
292
0
100
68
264
772
516
452
644
644
36
1060
964
1060
0
100
548
68
1060
964
68
200
0
68
0
0
68
68
0
0
0
0
0
296
68
0
452
0
0
324
68
228
452
260
132
68
1476
228
260
356
1000
0
68
68
0
0
2276
228
0
36
0
68
260
13604
0
68
1796
644
68
0
68
0
0
0
68
68
0
0
68
0
68
68
68
68
68
68
68
68
324
324
0
2536
68
53444
644
228
196
452
452
644
36
68
644
68
228
644
644
0
296
964
68
0
0
328
0
4
32
616
68
484
3
644
68
4
644
0
932
1156
644
68
68
100
4
4
0
0
1156
0
278
0
147
1414
742
296
207
196
124
6820
260
0
50628
260
1028
68
68
228
68
1252
68
644
68
996
139
0
708
68
68
100
1124
68
68
68
2052
996
68
228
0
0
740
356
0
68
0
0
68
68
68
68
68
0
68
0
0
420
324
324
324
324
324
324
324
324
0
0
0
196
3756
580
1956
260
644
0
0
0
0
260
644
1060
228
772
164
107236
772
644
644
876
932
0
68
292
420
0
68
100
68
68
68
68
68
0
580
68
68
68
68
68
68
68
68
68
68
68
68
68
68
0
68
0
164
68
836
68
644
452
0
0
0
0
0
1060
0
36
68
0
0
0
0
0
68
68
68
812
