27
1252
27
324
168
1028
7748
1028
0
68
228
0
0
68
68
68
0
260
356
68
1060
0
868
3972
68
11588
548
68
68
68
68
8004
260
260
0
324
68
68
68
68
68
0
68
0
68
676
68
68
0
0
324
53476
0
68
68
68
68
68
68
324
68
0
1572
68
68
68
0
68
324
68
0
132
68
0
420
68
0
0
0
0
0
0
0
0
0
0
0
0
200
452
68
68
196
1028
260
68
68
100
68
0
552
68
68
68
0
68
4236
68
104
0
0
644
0
68
1060
296
4
68
644
68
4
1700
1060
68
292
68
0
0
68
0
68
36
0
36
4
68
0
68
68
196
36
68
68
552
200
68
2212
100
36969
548
0
0
548
812
0
228
164
616
260
228
68
93
644
904
133
872
232
68
0
200
200
644
644
0
0
0
260
0
0
0
68
68
68
68
0
0
68
68
68
0
612
0
0
0
68
0
0
68
548
324
0
1028
0
68
68
68
68
0
324
1092
324
324
324
324
324
324
420
1060
552
644
68
68
68
710
964
260
0
68
644
68
6838
644
68
0
68
872
1060
0
0
68
68
260
68
68
68
68
68
68
584
0
3212
580
0
68
68
228
648
452
644
0
644
0
68
0
228
484
452
260
315
3908
356
0
228
68
0
68
68
68
0
68
68
68
68
324
68
68
68
1220
0
100
100
0
68
0
68
68
68
0
0
0
932
0
68
0
68
0
0
0
0
68
0
0
0
0
68
68
68
0
68
68
68
1252
2244
708
164
0
68
68
68
68
452
0
324
1412
324
932
62660
0
68
0
1252
68
68
0
0
196
0
196
644
68
742
1256
0
0
0
0
68
68
68
68
68
68
68
68
68
36
0
68
0
1252
0
648
644
68
900
0
0
0
0
296
644
1060
100
0
0
68
132
68
68
644
0
0
68
36
324
260
196
0
36
0
644
68
68
196
0
0
100
0
68
840
0
68
0
68
68
0
0
0
452
452
452
452
356
260
61
260
228
228
870
68
68
260
68
0
0
0
0
0
68
808
1384
68
68
260
68
260
228
260
260
292
0
0
196
228
68
0
68
68
0
0
68
0
0
0
0
0
68
0
68
68
2980
0
1828
228
0
324
0
324
68
324
420
324
54692
0
68
324
324
0
0
0
0
68
0
0
324
0
0
324
0
0
710
0
0
0
0
648
0
68
5804
2596
68
68
68
836
644
0
0
644
4236
1060
0
68
68
100
772
68
68
296
196
0
964
4
68
1828
200
5508
548
68
548
644
164
644
644
0
964
0
68
68
0
0
68
0
68
68
0
0
1060
105796
36
0
228
65
452
131
552
185
644
68
68
68
68
68
68
68
68
0
68
260
68
0
0
68
0
580
27
3300
27
356
356
68
0
228
68
68
260
0
0
0
0
68
68
0
68
228
0
0
68
0
0
68
68
68
68
0
1028
68
356
324
1380
1252
0
420
0
70724
68
68
215
452
0
68
0
742
68
0
1124
0
68
228
164
68
644
68
328
68
0
68
4
964
100
68
1060
68
0
0
68
0
644
0
36
964
612
644
100
964
68
68
200
420
644
68
68
132
0
29
7748
196
2212
115140
5476
260
516
1608
228
68
68
68
548
260
68
484
68
68
292
644
0
68
68
100
68
68
68
68
0
68
0
0
0
0
0
0
68
68
0
0
0
228
36
4
0
4
0
324
68
1540
68
68
196
27
836
27
0
68
0
68
68
68
68
0
644
67076
742
324
324
324
324
324
324
324
324
0
0
0
0
0
68
68
68
840
68
0
3852
0
0
0
0
0
0
0
0
0
0
68
68
68
68
68
0
0
0
68
68
0
1060
0
0
0
0
0
0
0
0
0
0
0
0
0
0
0
0
0
68
100
116896
580
196
644
0
0
0
0
0
0
0
0
0
0
0
0
0
0
0
0
0
0
0
0
644
356
200
68
0
0
68
4
68
68
68
36
30833
68
328
68
68
68
68
68
4
68
1060
0
0
0
0
0
0
0
0
0
0
0
0
68
68
68
0
68
0
0
68
68
324
644
0
0
0
68
548
260
228
356
0
27
292
47
1092
100
68
0
228
0
68
68
68
196
0
36
0
68
710
710
0
0
36
1924
324
0
0
0
0
0
68
68
0
68
388
68
164
36
68
644
644
774
100
100
836
132
200
68
68
580
68
68
68
68
0
0
0
32
0
0
0
0
0
0
292
68
68
68
0
1252
420
0
0
712
452
68
68
50052
373
484
260
146
260
710
774
68
68
228
68
260
68
68
4
68
0
0
0
0
68
292
68
68
68
2920
68
0
0
0
0
68
68
68
68
68
68
68
68
68
68
68
0
0
0
0
68
68
228
68
0
0
68
0
68
0
2692
68
1188
68
452
100
68
0
0
420
61444
324
324
324
68
324
68
68
324
196
0
324
324
324
0
324
68
68
68
0
68
68
0
644
998
1188
68
710
0
710
36
742
68
36
0
68
0
296
452
36
0
644
68
0
0
0
68
0
68
1060
36
644
0
68
644
4556
68
68
132
0
0
1060
0
68
0
68
0
68
200
612
1060
68
196
292
98980
97348
98980
516
840
68
68
0
0
0
712
644
260
744
868
452
352
4196
484
438
511
181
249
141
196
292
68
260
68
228
0
484
644
0
228
0
0
68
356
68
68
68
68
228
68
68
68
0
68
68
68
0
68
68
0
68
68
68
0
68
68
0
68
0
0
68
0
644
0
0
324
324
5224
68
420
6980
0
68
0
0
0
228
2054
1060
774
68
0
0
356
0
0
228
644
1384
0
68
1380
0
0
644
1768
68
4
68
68
0
68
0
0
3460
68
644
1060
644
644
100
68
68
1608
388
0
68
68
68
0
4
644
100
36
0
68
68
95844
99332
68
68
98916
0
0
0
132
356
0
0
113
105
814
324
2084
122
97
196
484
237
68
68
68
232
936
228
260
260
260
0
0
0
68
228
68
0
0
68
68
292
228
356
260
0
0
0
612
68
0
68
68
228
68
0
68
68
68
68
68
68
0
0
964
1028
324
324
324
324
644
35300
324
164
0
324
324
68
324
129796
68
740
68
68
0
356
742
0
0
68
68
2468
644
644
324
868
324
4
164
0
68
1060
68
1060
0
0
0
0
644
0
264
68
68
68
0
68
12
100
0
260
0
36
0
68
1060
100
68
452
100
68
0
100
548
2056
0
2212
2212
612
200
0
68
4
708
100
68
1060
68
0
900
68
68
0
109764
0
